   1.070155E-02   9.301641E-02   9.301960E-02
   2.140309E-02   1.860176E-01   1.860285E-01
   3.210464E-02   2.789934E-01   2.790162E-01
   4.280618E-02   3.719337E-01   3.719719E-01
   5.350773E-02   4.648284E-01   4.648850E-01
   6.420927E-02   5.576674E-01   5.577448E-01
   7.491082E-02   6.504405E-01   6.505408E-01
   8.561237E-02   7.431374E-01   7.432623E-01
   9.631391E-02   8.357478E-01   8.358986E-01
   1.070155E-01   9.282613E-01   9.284392E-01
   1.177170E-01   1.020668E+00   1.020874E+00
   1.284185E-01   1.112956E+00   1.113191E+00
   1.391201E-01   1.205117E+00   1.205381E+00
   1.498216E-01   1.297139E+00   1.297433E+00
   1.605232E-01   1.389012E+00   1.389336E+00
   1.712247E-01   1.480725E+00   1.481080E+00
   1.819263E-01   1.572269E+00   1.572655E+00
   1.926278E-01   1.663632E+00   1.664049E+00
   2.033294E-01   1.754805E+00   1.755253E+00
   2.140309E-01   1.845777E+00   1.846256E+00
   2.247325E-01   1.936537E+00   1.937047E+00
   2.354340E-01   2.027075E+00   2.027617E+00
   2.461356E-01   2.117381E+00   2.117954E+00
   2.568371E-01   2.207444E+00   2.208049E+00
   2.675386E-01   2.297255E+00   2.297891E+00
   2.782402E-01   2.386802E+00   2.387470E+00
   2.889417E-01   2.476076E+00   2.476775E+00
   2.996433E-01   2.565067E+00   2.565797E+00
   3.103448E-01   2.653763E+00   2.654525E+00
   3.210464E-01   2.742156E+00   2.742949E+00
   3.317479E-01   2.830235E+00   2.831058E+00
   3.424495E-01   2.917989E+00   2.918844E+00
   3.531510E-01   3.005409E+00   3.006295E+00
   3.638526E-01   3.092485E+00   3.093402E+00
   3.745541E-01   3.179207E+00   3.180155E+00
   3.852556E-01   3.265565E+00   3.266544E+00
   3.959572E-01   3.351549E+00   3.352558E+00
   4.066587E-01   3.437149E+00   3.438188E+00
   4.173603E-01   3.522356E+00   3.523425E+00
   4.280618E-01   3.607159E+00   3.608258E+00
   4.387634E-01   3.691549E+00   3.692679E+00
   4.494649E-01   3.775516E+00   3.776676E+00
   4.601665E-01   3.859050E+00   3.860240E+00
   4.708680E-01   3.942143E+00   3.943363E+00
   4.815696E-01   4.024785E+00   4.026034E+00
   4.922711E-01   4.106965E+00   4.108244E+00
   5.029727E-01   4.188675E+00   4.189983E+00
   5.136742E-01   4.269906E+00   4.271242E+00
   5.243757E-01   4.350647E+00   4.352013E+00
   5.350773E-01   4.430890E+00   4.432285E+00
   5.457788E-01   4.510626E+00   4.512049E+00
   5.564804E-01   4.589845E+00   4.591297E+00
   5.671819E-01   4.668539E+00   4.670019E+00
   5.778835E-01   4.746697E+00   4.748206E+00
   5.885850E-01   4.824313E+00   4.825849E+00
   5.992866E-01   4.901375E+00   4.902940E+00
   6.099881E-01   4.977877E+00   4.979469E+00
   6.206897E-01   5.053808E+00   5.055427E+00
   6.313912E-01   5.129161E+00   5.130807E+00
   6.420927E-01   5.203926E+00   5.205600E+00
   6.527943E-01   5.278095E+00   5.279796E+00
   6.634958E-01   5.351660E+00   5.353387E+00
   6.741974E-01   5.424612E+00   5.426366E+00
   6.848989E-01   5.496943E+00   5.498723E+00
   6.956005E-01   5.568644E+00   5.570450E+00
   7.063020E-01   5.639707E+00   5.641539E+00
   7.170036E-01   5.710125E+00   5.711982E+00
   7.277051E-01   5.779888E+00   5.781771E+00
   7.384067E-01   5.848990E+00   5.850898E+00
   7.491082E-01   5.917422E+00   5.919355E+00
   7.598098E-01   5.985176E+00   5.987134E+00
   7.705113E-01   6.052245E+00   6.054227E+00
   7.812128E-01   6.118621E+00   6.120627E+00
   7.919144E-01   6.184295E+00   6.186326E+00
   8.026159E-01   6.249262E+00   6.251317E+00
   8.133175E-01   6.313513E+00   6.315592E+00
   8.240190E-01   6.377041E+00   6.379143E+00
   8.347206E-01   6.439839E+00   6.441964E+00
   8.454221E-01   6.501899E+00   6.504047E+00
   8.561237E-01   6.563214E+00   6.565385E+00
   8.668252E-01   6.623778E+00   6.625971E+00
   8.775268E-01   6.683584E+00   6.685799E+00
   8.882283E-01   6.742624E+00   6.744861E+00
   8.989298E-01   6.800891E+00   6.803150E+00
   9.096314E-01   6.858380E+00   6.860661E+00
   9.203329E-01   6.915084E+00   6.917385E+00
   9.310345E-01   6.970995E+00   6.973318E+00
   9.417360E-01   7.026108E+00   7.028451E+00
   9.524376E-01   7.080417E+00   7.082780E+00
   9.631391E-01   7.133915E+00   7.136298E+00
   9.738407E-01   7.186595E+00   7.188999E+00
   9.845422E-01   7.238453E+00   7.240876E+00
   9.952438E-01   7.289482E+00   7.291924E+00
   1.005945E+00   7.339675E+00   7.342137E+00
   1.016647E+00   7.389029E+00   7.391509E+00
   1.027348E+00   7.437536E+00   7.440034E+00
   1.038050E+00   7.485191E+00   7.487708E+00
   1.048751E+00   7.531989E+00   7.534524E+00
   1.059453E+00   7.577925E+00   7.580477E+00
   1.070155E+00   7.622993E+00   7.625562E+00
   1.080856E+00   7.667188E+00   7.669773E+00
   1.091558E+00   7.710504E+00   7.713107E+00
   1.102259E+00   7.752938E+00   7.755557E+00
   1.112961E+00   7.794484E+00   7.797119E+00
   1.123662E+00   7.835137E+00   7.837788E+00
   1.134364E+00   7.874893E+00   7.877559E+00
   1.145065E+00   7.913747E+00   7.916428E+00
   1.155767E+00   7.951694E+00   7.954391E+00
   1.166468E+00   7.988731E+00   7.991442E+00
   1.177170E+00   8.024853E+00   8.027579E+00
   1.187872E+00   8.060057E+00   8.062796E+00
   1.198573E+00   8.094337E+00   8.097089E+00
